Sample:	'SLABO1-5-5-320
File name:	2N7.FD3
Run Date:	15:37:11, 08/17/2022
Operator:	Administrator
Comment:	'

Instrument
Model:	F-7000 FL Spectrophotometer
Serial Number:	2354-007
ROM Version:	5J14000 06

Instrument Parameters
Measurement type:	3-D Scan
Data mode:	Fluorescence
EX  Start WL:	200.0 nm
EX  End WL:	450.0 nm
EX Sampling Interval:	5.0 nm
EM  Start WL:	280.0 nm
EM  End WL:	550.0 nm
EM Sampling Interval:	5.0 nm
Scan speed:	12000 nm/min
EX Slit:	5.0 nm
EM Slit:	5.0 nm
PMT Voltage:	700 V
Response:	Auto 
Corrected spectra:	Off
Shutter control:	On
Contour interval:	25.000

Peak integration
Integration method:	Rectangular
Sensitivity:	1
Threshold:	1.000

Peaks
No.	ApexEX/EM(nm)	Height(Data)
1	205.0/305.0	 1020
2	225.0/545.0	192.6
3	230.0/345.0	 2860
4	240.0/380.0	 2049
5	240.0/395.0	 1961
6	245.0/385.0	 2085
7	245.0/405.0	 1999
8	250.0/390.0	 2038
9	255.0/425.0	 1990
10	270.0/440.0	 2041
11	275.0/400.0	 2188
12	275.0/410.0	 2185
13	275.0/420.0	 2128
14	280.0/310.0	 1885
15	280.0/345.0	 2675
16	280.0/365.0	 2663
17	280.0/430.0	 2041
18	285.0/355.0	 2624
19	310.0/400.0	 1836
20	320.0/410.0	 1901
21	325.0/415.0	 1872
22	330.0/420.0	 1854
23	365.0/295.0	2.855
24	400.0/300.0	3.842
25	410.0/350.0	4.890
26	415.0/310.0	4.060
27	430.0/345.0	6.356
28	435.0/310.0	5.455
29	440.0/355.0	8.012
30	445.0/345.0	8.414
31	445.0/360.0	9.170

Data Points
	200.0	205.0	210.0	215.0	220.0	225.0	230.0	235.0	240.0	245.0	250.0	255.0	260.0	265.0	270.0	275.0	280.0	285.0	290.0	295.0	300.0	305.0	310.0	315.0	320.0	325.0	330.0	335.0	340.0	345.0	350.0	355.0	360.0	365.0	370.0	375.0	380.0	385.0	390.0	395.0	400.0	405.0	410.0	415.0	420.0	425.0	430.0	435.0	440.0	445.0	450.0
280.0	78.14	67.42	41.66	104.4	45.65	54.61	36.36	23.10	6.330	19.79	46.99	52.38	39.06	23.95	19.50	380.7	 2715	 1107	44.29	6.500	6.607	2.885	3.783	4.901	3.846	2.857	1.736	2.651	1.347	2.314	2.145	2.667	2.720	1.457	2.406	2.349	1.024	1.842	1.621	0.919	0.953	1.739	0.743	0.984	1.003	1.166	1.056	0.951	0.938	0.901	0.989
285.0	228.0	153.3	229.5	282.7	247.9	214.4	143.5	90.96	45.62	66.87	88.33	96.79	181.9	157.5	117.0	141.2	 1079	 7875	 3892	257.1	8.442	5.899	8.169	6.359	3.010	2.575	3.201	2.191	3.018	2.731	2.109	2.203	2.145	1.395	2.360	2.148	3.538	2.856	1.947	0.926	1.565	0.961	1.581	1.365	1.367	1.286	1.271	1.376	1.583	1.252	1.346
290.0	492.5	519.9	382.0	459.6	504.6	629.5	416.0	191.9	98.86	120.8	156.0	212.1	270.6	402.7	343.1	295.8	317.2	 2797	9999.9	 6381	352.9	10.16	8.039	5.997	6.518	5.027	3.408	2.446	3.689	2.882	2.200	2.610	2.398	2.827	1.315	2.033	1.975	1.546	1.964	1.781	1.485	1.638	1.655	1.533	2.241	2.118	1.921	1.632	2.656	3.355	2.110
295.0	631.0	728.4	622.8	779.5	870.6	944.8	764.8	358.1	175.6	217.4	252.1	286.4	341.9	516.5	811.1	650.7	511.9	493.1	 3861	9999.9	 8564	415.7	15.22	10.54	7.128	6.631	5.076	3.149	3.701	3.263	3.417	1.503	2.353	2.855	2.840	2.194	1.887	2.708	1.661	3.049	2.736	2.020	2.757	2.298	1.347	1.850	2.480	3.508	3.961	3.896	4.266
300.0	660.2	950.7	922.8	906.3	 1014	 1075	 1022	568.7	334.4	315.3	373.6	378.3	482.4	615.2	 1004	 1158	866.6	566.7	476.5	 4697	9999.9	9999.9	445.7	15.43	12.86	8.450	5.928	6.667	4.905	3.801	3.173	3.493	2.943	1.806	3.325	2.383	1.699	2.592	2.582	2.483	3.842	3.120	2.250	2.766	2.873	2.954	3.347	3.018	4.081	4.716	4.499
305.0	665.5	 1020	999.4	974.6	 1262	 1303	 1200	690.8	419.1	431.8	532.7	553.6	613.4	757.0	 1012	 1581	 1416	870.5	422.9	485.7	 4900	9999.9	9999.9	541.5	19.37	12.41	7.546	10.22	6.191	4.738	3.524	3.818	3.983	2.278	3.257	3.141	2.959	1.484	2.404	3.080	2.899	3.133	3.009	2.959	3.402	3.093	3.108	3.819	4.142	3.916	5.278
310.0	803.3	983.0	943.1	 1063	 1334	 1428	 1234	760.5	586.0	580.3	592.0	708.8	770.6	967.5	 1259	 1558	 1885	 1223	603.0	316.2	478.2	 5527	9999.9	9999.9	546.2	16.59	11.81	9.609	6.887	5.142	4.673	5.741	4.142	4.378	3.476	2.416	1.935	2.220	2.379	3.065	3.831	2.714	2.834	4.060	2.960	2.964	3.130	5.455	4.332	4.650	4.972
315.0	721.3	926.2	919.6	 1088	 1278	 1497	 1302	987.7	685.9	631.7	712.1	823.5	946.6	 1079	 1360	 1598	 1723	 1690	927.2	456.5	277.2	493.4	 6222	9999.9	9999.9	498.0	18.23	12.07	10.60	7.441	6.002	4.747	4.315	3.884	2.752	2.475	2.834	2.283	2.839	3.699	3.510	3.821	2.968	2.645	3.539	3.236	4.309	4.135	3.670	5.254	5.686
320.0	731.8	949.8	838.1	956.7	 1354	 1660	 1598	 1120	801.3	784.7	795.5	978.0	939.9	 1304	 1513	 1775	 1840	 1692	 1475	718.6	379.6	250.5	541.2	 6139	9999.9	9999.9	481.9	19.01	13.49	9.711	7.528	5.581	5.824	3.553	3.965	4.087	2.656	2.720	2.732	3.117	3.002	3.229	2.259	3.024	3.128	3.131	3.721	4.179	5.498	3.360	7.047
325.0	565.6	837.8	888.7	 1254	 1373	 1951	 2090	 1575	 1025	889.1	930.4	 1108	 1200	 1465	 1776	 1995	 2021	 1875	 1664	 1259	620.8	353.3	252.4	527.8	 5970	9999.9	9999.9	516.5	23.13	15.62	9.837	8.368	7.521	5.935	4.857	3.847	3.595	3.335	4.130	2.940	2.546	3.014	3.525	3.686	3.607	3.719	3.623	5.853	5.655	4.887	7.779
330.0	500.0	968.4	848.0	 1252	 1594	 2300	 2377	 1925	 1328	 1056	 1091	 1198	 1355	 1588	 1963	 2193	 2261	 2111	 1689	 1465	 1018	527.9	341.8	250.3	522.8	 5698	9999.9	9999.9	494.8	22.81	15.75	11.61	10.27	6.940	6.633	5.182	5.065	4.175	3.647	3.793	2.577	3.827	3.156	3.385	3.006	2.674	4.123	5.699	4.927	6.352	7.132
335.0	434.3	767.5	 1150	 1254	 1709	 2231	 2468	 1973	 1428	 1111	 1142	 1222	 1423	 1683	 1981	 2291	 2478	 2234	 1853	 1398	 1237	853.2	470.3	324.3	253.9	510.0	 5675	9999.9	9999.9	509.6	25.67	16.63	11.46	9.591	6.265	5.255	3.359	3.883	3.283	3.745	2.933	2.921	3.789	3.504	2.639	3.470	4.438	4.015	6.032	7.749	7.730
340.0	513.5	748.9	966.2	 1119	 1551	 2255	 2563	 2295	 1517	 1327	 1289	 1382	 1526	 1795	 2089	 2350	 2569	 2456	 2064	 1519	 1135	 1126	723.3	437.1	308.4	254.0	504.9	 5143	9999.9	9999.9	561.9	28.15	16.55	14.16	9.148	7.885	4.664	4.571	4.148	2.633	3.859	4.566	3.812	3.829	3.699	3.845	4.354	4.479	5.166	7.368	8.419
345.0	435.6	576.8	878.0	 1055	 1704	 2427	 2860	 2361	 1785	 1426	 1300	 1363	 1564	 1799	 2173	 2424	 2675	 2517	 2220	 1638	 1205	 1017	 1071	661.1	467.6	348.8	263.8	482.8	 5085	9999.9	9999.9	579.5	24.40	16.56	11.70	9.802	6.140	4.231	3.614	3.783	4.109	2.750	3.416	2.627	4.063	4.765	6.356	4.829	6.234	8.414	7.921
350.0	355.7	698.1	969.7	 1109	 1744	 2299	 2450	 2422	 1880	 1517	 1393	 1536	 1723	 1903	 2229	 2493	 2646	 2579	 2339	 1761	 1305	 1053	 1039	 1004	610.2	471.8	371.8	303.9	489.5	 4807	9999.9	9999.9	556.5	27.23	16.58	11.11	8.338	5.093	5.705	4.198	2.457	3.915	4.890	4.769	2.450	4.337	3.847	4.770	5.509	8.316	8.560
355.0	407.2	614.2	943.7	 1158	 1564	 2270	 2514	 2338	 1962	 1695	 1547	 1641	 1798	 2069	 2384	 2467	 2613	 2624	 2402	 1885	 1497	 1197	 1056	 1088	976.5	656.7	510.0	397.1	308.3	475.7	 4486	9999.9	9999.9	574.7	23.94	16.44	13.29	7.352	6.699	3.854	4.272	3.470	3.662	2.875	4.316	3.709	4.290	4.752	8.012	6.660	7.878
360.0	417.0	653.0	870.3	 1091	 1672	 2192	 2315	 2283	 1962	 1770	 1697	 1741	 1899	 2037	 2381	 2498	 2636	 2591	 2410	 1971	 1584	 1315	 1172	 1110	 1182	961.8	662.4	537.5	411.2	290.8	457.8	 4698	9999.9	9999.9	534.6	24.08	16.55	10.84	8.946	6.112	4.313	3.692	4.655	3.623	3.123	3.889	4.413	5.322	5.739	9.170	6.731
365.0	364.0	701.2	780.6	 1075	 1545	 2010	 2088	 2180	 2123	 1941	 1737	 1756	 1789	 2144	 2360	 2500	 2663	 2552	 2392	 1973	 1662	 1508	 1356	 1213	 1171	 1228	987.5	712.5	527.2	392.3	285.6	456.2	 4498	9999.9	9999.9	561.5	22.50	16.79	11.79	7.086	5.995	4.599	4.461	5.279	3.627	3.799	3.857	5.060	5.504	7.333	7.475
370.0	361.1	519.6	814.6	 1001	 1448	 1878	 2133	 2042	 2097	 1957	 1865	 1906	 1924	 2049	 2310	 2493	 2625	 2479	 2345	 2029	 1738	 1591	 1447	 1328	 1270	 1274	 1261	954.5	688.9	512.0	382.1	271.1	433.9	 4529	9999.9	9999.9	529.0	23.54	15.81	7.369	7.479	5.520	4.973	4.579	3.689	4.624	3.512	4.974	5.699	4.948	7.318
375.0	267.5	515.6	764.9	 1124	 1412	 1750	 1901	 2000	 1966	 1944	 1899	 1878	 1955	 2089	 2317	 2457	 2531	 2466	 2338	 2073	 1773	 1711	 1619	 1480	 1436	 1351	 1321	 1287	906.2	666.6	484.8	355.3	243.6	420.7	 4195	9999.9	9999.9	519.3	20.09	15.28	10.61	9.052	7.464	5.588	5.235	5.066	4.982	4.277	5.000	6.596	8.457
380.0	264.1	553.8	770.9	 1000	 1410	 1739	 1876	 2042	 2049	 2006	 1939	 1872	 1939	 2161	 2281	 2435	 2410	 2419	 2256	 2002	 1866	 1753	 1661	 1640	 1566	 1434	 1427	 1379	 1166	834.3	598.9	465.4	334.2	236.7	404.8	 4405	9999.9	9999.9	469.2	24.76	15.52	12.43	7.661	6.137	5.802	4.453	4.568	4.089	5.902	6.618	6.887
385.0	295.7	497.5	852.7	952.5	 1249	 1659	 1753	 1877	 1934	 2085	 1943	 1860	 1966	 2124	 2220	 2334	 2359	 2322	 2205	 1995	 1870	 1841	 1714	 1708	 1684	 1575	 1484	 1354	 1356	 1089	761.7	592.5	428.7	310.7	231.4	423.0	 3739	9999.9	9999.9	481.5	21.93	15.14	12.14	7.100	6.540	4.930	5.703	4.827	5.720	6.641	6.234
390.0	276.6	432.7	684.5	853.0	 1284	 1576	 1676	 1940	 1870	 2001	 2038	 1908	 1986	 2037	 2176	 2237	 2268	 2272	 2139	 1989	 1839	 1827	 1792	 1773	 1777	 1701	 1607	 1476	 1312	 1281	 1020	727.1	572.2	423.4	329.1	230.9	374.5	 3376	9999.9	9999.9	441.5	21.50	14.34	9.669	6.716	6.227	4.963	6.194	5.643	7.210	7.628
395.0	253.2	426.6	804.3	886.0	 1294	 1576	 1787	 1694	 1961	 1905	 1935	 1920	 1990	 2097	 2165	 2153	 2298	 2193	 2083	 1928	 1883	 1816	 1818	 1815	 1792	 1795	 1682	 1566	 1389	 1305	 1225	908.4	698.4	554.9	423.2	314.5	233.4	346.9	 3313	9999.9	9999.9	432.4	20.30	11.89	8.491	6.295	6.968	5.657	6.429	6.064	6.238
400.0	344.0	483.2	709.6	922.4	 1290	 1496	 1662	 1847	 1940	 1989	 1916	 1915	 1932	 2068	 2085	 2188	 2167	 2190	 2080	 1908	 1820	 1801	 1836	 1810	 1866	 1832	 1755	 1668	 1511	 1374	 1299	 1163	875.3	710.6	557.3	413.5	309.2	229.8	343.0	 3208	9999.9	9999.9	386.7	22.46	14.37	8.938	6.423	7.689	5.689	5.665	6.410
405.0	315.3	458.8	799.1	898.1	 1221	 1436	 1575	 1667	 1813	 1999	 1985	 1956	 1898	 2015	 2011	 2126	 2121	 2127	 2002	 1871	 1840	 1782	 1809	 1845	 1857	 1863	 1771	 1746	 1641	 1495	 1352	 1288	 1125	859.2	675.1	555.0	408.8	288.0	221.3	340.7	 3023	9999.9	9999.9	311.2	19.42	12.31	8.940	9.405	6.139	6.744	5.652
410.0	294.8	516.4	538.1	949.0	 1189	 1421	 1642	 1700	 1779	 1912	 1979	 1921	 1986	 1990	 2119	 2185	 2058	 2051	 1908	 1859	 1783	 1760	 1788	 1846	 1901	 1870	 1844	 1781	 1686	 1565	 1440	 1312	 1255	 1052	823.0	655.8	501.7	372.1	276.9	205.6	319.1	 2959	9999.9	 8797	298.5	18.18	13.05	12.91	8.637	8.244	7.313
415.0	230.4	404.1	797.6	880.1	987.3	 1239	 1653	 1679	 1754	 1833	 1890	 1924	 1908	 1961	 2086	 2077	 2068	 2032	 1897	 1784	 1762	 1733	 1785	 1820	 1843	 1872	 1846	 1820	 1730	 1624	 1483	 1343	 1298	 1254	979.9	766.5	606.1	451.9	351.5	247.0	184.9	298.9	 2944	9999.9	 8067	288.1	15.38	15.41	9.318	9.209	8.347
420.0	297.7	467.2	650.4	766.8	 1080	 1309	 1497	 1658	 1779	 1886	 1915	 1956	 1957	 1964	 2055	 2128	 2019	 1977	 1898	 1739	 1679	 1681	 1726	 1773	 1821	 1788	 1854	 1773	 1713	 1668	 1562	 1450	 1310	 1289	 1184	895.4	694.3	538.1	416.6	297.6	233.4	162.0	291.1	 2674	9999.9	 7846	251.7	20.73	11.35	9.964	7.736
425.0	385.1	536.3	614.9	800.5	 1011	 1216	 1487	 1498	 1711	 1802	 1828	 1990	 1903	 2007	 1999	 2039	 2002	 1878	 1818	 1658	 1601	 1596	 1649	 1691	 1717	 1775	 1789	 1782	 1744	 1668	 1591	 1520	 1406	 1320	 1275	 1039	792.9	602.8	469.2	366.6	275.2	203.9	150.5	260.2	 2432	9999.9	 7305	560.3	15.24	11.22	8.944
430.0	263.0	592.2	463.3	723.6	 1097	 1156	 1443	 1508	 1557	 1732	 1682	 1903	 1899	 1940	 2005	 2028	 2041	 1911	 1709	 1652	 1598	 1564	 1565	 1618	 1693	 1702	 1714	 1724	 1718	 1639	 1631	 1524	 1454	 1370	 1233	 1125	914.5	697.3	541.5	420.2	325.0	243.3	180.5	134.3	229.2	 2415	9999.9	9999.9	200.9	16.33	12.02
435.0	311.3	471.3	492.3	738.1	 1017	 1113	 1413	 1504	 1543	 1719	 1833	 1843	 1826	 1862	 1997	 2006	 1958	 1809	 1724	 1554	 1540	 1496	 1522	 1597	 1600	 1683	 1709	 1682	 1674	 1667	 1618	 1564	 1496	 1413	 1254	 1131	 1014	805.3	600.1	476.3	366.4	290.7	204.1	155.7	114.1	223.9	 2358	9999.9	 6643	200.3	16.96
440.0	330.4	473.9	507.7	821.4	899.0	 1112	 1170	 1435	 1511	 1592	 1811	 1761	 1883	 1934	 2041	 1922	 1922	 1750	 1634	 1508	 1436	 1452	 1465	 1517	 1550	 1621	 1603	 1626	 1651	 1644	 1584	 1528	 1479	 1390	 1270	 1147	 1041	888.7	691.4	530.8	418.7	319.9	247.9	191.3	143.5	102.5	216.2	 2407	9999.9	 7089	180.8
445.0	217.7	385.8	494.3	713.1	890.9	 1129	 1260	 1307	 1471	 1508	 1656	 1731	 1790	 1803	 1902	 1893	 1818	 1701	 1542	 1468	 1396	 1380	 1380	 1432	 1442	 1526	 1558	 1588	 1617	 1563	 1550	 1518	 1471	 1411	 1312	 1153	 1006	906.8	744.5	578.7	449.2	358.9	284.5	215.7	165.2	125.7	101.4	218.2	 2429	9999.9	 5645
450.0	228.7	399.8	398.0	654.6	755.8	 1059	 1108	 1302	 1399	 1400	 1489	 1718	 1782	 1838	 1813	 1868	 1796	 1663	 1519	 1347	 1280	 1291	 1324	 1363	 1390	 1413	 1445	 1490	 1496	 1506	 1475	 1453	 1429	 1383	 1312	 1168	 1019	847.6	781.7	638.8	488.6	399.3	308.6	244.9	200.8	158.3	119.6	99.29	213.1	 2393	9999.9
455.0	205.5	351.4	535.4	635.8	752.6	987.2	 1045	 1290	 1249	 1346	 1477	 1574	 1682	 1765	 1771	 1706	 1678	 1590	 1438	 1322	 1247	 1228	 1259	 1281	 1279	 1338	 1329	 1389	 1403	 1410	 1389	 1411	 1389	 1339	 1225	 1142	 1001	861.6	756.7	689.6	543.6	424.0	345.3	280.5	218.6	182.7	140.6	100.8	84.91	204.6	 2282
460.0	286.2	368.4	439.9	511.4	805.2	874.8	 1128	 1164	 1166	 1313	 1417	 1501	 1603	 1710	 1614	 1635	 1553	 1465	 1329	 1222	 1145	 1081	 1129	 1163	 1207	 1188	 1251	 1304	 1315	 1329	 1337	 1320	 1297	 1289	 1216	 1103	971.1	865.0	728.9	653.3	583.9	454.0	365.7	294.4	252.7	201.5	159.3	121.0	92.70	77.84	191.5
465.0	202.4	239.9	372.7	459.9	762.5	743.6	901.2	 1039	 1135	 1181	 1365	 1473	 1455	 1551	 1531	 1523	 1502	 1387	 1219	 1125	 1084	 1042	 1052	 1068	 1108	 1111	 1186	 1180	 1193	 1233	 1214	 1212	 1222	 1206	 1175	 1054	936.8	829.1	726.5	619.0	572.5	499.5	391.2	310.8	269.1	223.7	182.1	141.5	106.8	79.78	69.72
470.0	189.9	331.8	452.4	490.7	531.1	841.3	817.7	973.3	 1068	 1097	 1276	 1333	 1315	 1390	 1425	 1419	 1380	 1245	 1135	 1066	993.7	942.9	967.1	971.5	 1019	 1044	 1062	 1058	 1121	 1118	 1122	 1134	 1116	 1140	 1086	991.0	876.3	789.5	697.1	597.7	529.4	500.6	423.0	335.3	272.1	235.7	192.7	157.9	117.9	90.23	67.70
475.0	135.7	320.7	312.1	497.0	544.2	659.4	766.9	896.9	949.2	959.4	 1088	 1170	 1256	 1338	 1367	 1399	 1264	 1167	 1053	942.5	892.5	913.1	891.9	889.4	932.3	938.8	969.8	984.3	 1019	 1009	 1027	 1038	 1036	 1049	995.4	918.4	848.4	759.4	668.4	566.6	505.0	456.4	427.9	353.9	278.0	245.1	198.7	167.4	135.4	106.4	78.29
480.0	144.9	260.3	294.0	447.2	487.3	584.6	739.6	758.3	841.7	972.1	 1016	 1036	 1139	 1199	 1227	 1201	 1175	 1105	 1008	910.3	826.7	806.3	809.2	824.0	833.0	858.7	875.8	876.5	923.6	946.8	939.1	946.9	952.7	964.7	926.3	890.4	796.0	712.6	625.0	545.8	485.7	436.0	397.7	360.7	306.2	238.0	209.2	174.4	139.2	115.1	92.45
485.0	127.0	243.3	256.5	356.5	483.8	567.4	700.6	745.6	822.1	939.4	942.5	 1040	 1152	 1181	 1153	 1195	 1127	 1020	958.5	849.8	768.7	739.9	745.2	748.7	767.1	779.4	810.0	799.4	838.8	878.7	875.7	883.0	889.3	897.9	866.3	814.0	749.2	674.4	603.4	530.6	472.1	428.6	390.0	359.3	325.3	253.1	211.9	183.4	151.5	121.6	101.1
490.0	135.4	180.6	339.0	330.4	527.9	541.7	649.2	685.1	821.0	833.2	894.6	968.0	999.8	 1093	 1121	 1132	 1032	995.1	889.3	747.0	725.6	720.1	701.0	684.7	688.9	734.3	747.0	742.1	794.4	778.7	795.5	827.5	835.8	844.8	808.8	776.3	710.6	642.0	577.6	510.1	457.3	417.7	360.4	343.2	333.3	283.8	223.8	195.1	157.8	133.4	109.6
495.0	137.8	157.2	206.5	241.5	461.2	474.8	618.6	682.8	659.9	739.3	816.2	854.3	964.0	 1001	 1043	 1020	986.1	878.4	825.9	718.4	716.0	657.5	637.2	656.7	658.4	654.9	686.3	703.6	716.1	736.6	738.5	742.0	761.3	774.9	755.0	711.5	667.7	605.9	554.9	490.1	443.6	397.4	356.2	328.9	306.2	291.4	233.4	194.0	162.9	142.7	113.0
500.0	100.5	189.2	267.5	241.6	368.9	496.9	541.3	654.7	612.9	672.1	786.0	844.5	844.9	931.1	948.5	934.5	862.2	830.5	754.2	657.4	644.7	607.6	584.1	578.5	593.1	604.8	641.8	621.3	661.4	652.4	670.1	673.5	698.7	710.5	705.1	652.3	613.6	567.8	519.4	457.3	421.9	379.5	342.3	315.0	281.0	270.5	248.0	197.0	170.0	142.6	121.8
505.0	78.94	170.0	237.1	238.6	312.7	388.7	453.4	565.3	576.4	654.8	631.6	732.6	778.1	817.3	883.4	861.2	834.6	752.6	681.0	623.2	561.3	565.6	537.9	549.2	539.7	538.1	564.5	566.4	588.1	594.2	600.2	614.9	624.7	621.4	623.9	581.0	577.6	511.5	459.6	429.8	392.0	356.3	326.5	294.7	267.9	245.0	248.7	217.6	171.8	144.8	123.0
510.0	108.5	214.1	169.0	267.8	317.4	394.2	486.9	484.6	549.8	546.5	638.2	726.2	729.5	784.8	802.2	740.2	745.1	698.1	623.8	567.8	530.2	491.8	473.4	485.0	479.8	505.9	505.5	517.7	520.2	519.3	554.8	555.9	548.1	575.5	563.8	546.3	515.5	464.7	442.4	405.3	357.8	347.5	315.8	280.5	249.1	230.4	218.2	207.4	176.4	145.3	121.5
515.0	126.3	138.4	174.2	235.9	242.2	362.6	357.8	431.8	478.5	507.3	574.2	638.2	634.0	688.2	678.9	707.3	676.7	619.0	563.7	528.0	466.7	481.6	436.2	431.7	441.8	444.9	457.6	467.1	463.2	474.2	478.3	495.7	500.5	506.6	509.1	487.0	464.3	414.8	401.0	371.4	335.5	312.5	294.4	261.3	236.6	220.2	194.8	193.5	183.8	155.3	121.8
520.0	105.9	134.9	142.9	251.5	201.1	325.0	262.8	358.4	444.5	465.8	542.3	563.3	619.0	631.6	621.6	622.4	617.9	528.5	488.2	445.6	399.7	402.3	412.9	412.0	401.3	386.0	402.8	402.3	417.1	423.5	439.2	441.5	450.1	453.1	446.8	450.5	440.2	393.1	351.1	334.7	304.0	290.8	265.2	241.9	217.5	199.7	190.0	170.0	169.4	161.8	129.0
525.0	93.80	106.6	166.9	169.3	246.3	223.0	301.9	326.0	386.3	457.0	486.8	514.3	533.2	558.1	546.9	582.0	550.3	500.6	452.7	392.6	365.8	373.2	366.7	355.1	360.9	364.1	364.7	350.6	386.0	384.9	379.2	390.3	397.1	414.8	412.3	401.3	371.7	335.3	328.1	303.1	273.9	260.0	237.4	223.0	203.7	184.8	175.6	156.9	149.7	147.3	126.1
530.0	81.05	139.0	134.6	157.5	223.6	246.8	293.0	319.6	350.7	399.2	421.1	453.4	497.0	498.6	502.8	526.5	448.0	427.0	382.1	371.6	358.5	336.7	323.3	304.1	309.6	310.5	323.1	320.8	322.4	342.0	331.8	353.9	355.7	364.7	368.7	350.0	337.5	315.5	290.5	266.0	253.6	250.2	216.8	210.8	187.8	183.1	160.9	145.6	132.2	131.9	123.1
535.0	88.75	103.8	91.50	125.1	175.4	196.1	214.0	251.7	277.3	353.5	383.6	415.2	412.5	421.0	468.4	458.6	424.8	408.9	369.4	328.8	316.9	297.1	283.8	290.4	289.8	273.3	286.1	285.8	292.9	302.2	298.8	301.9	316.3	325.7	333.5	309.4	293.3	278.1	257.0	241.7	233.1	213.0	200.4	186.5	178.5	166.3	155.6	143.2	124.3	120.0	116.9
540.0	72.51	142.5	100.8	119.6	177.0	165.5	223.8	250.0	284.2	281.7	335.1	362.1	368.2	397.8	393.8	421.9	370.4	347.3	333.5	286.5	261.1	252.5	251.7	251.2	240.4	247.1	235.1	264.6	251.3	264.0	252.9	266.5	282.3	286.8	283.9	266.9	268.4	248.1	237.5	221.9	206.2	196.2	186.7	168.1	159.4	151.8	137.5	123.8	117.6	108.2	99.30
545.0	88.71	66.74	61.01	155.1	148.1	192.6	147.9	228.3	238.7	259.7	298.3	335.6	337.4	354.4	383.7	421.2	354.1	309.3	303.5	270.7	246.5	235.9	217.8	201.3	226.1	202.2	214.6	218.4	232.2	226.5	239.4	239.2	243.5	242.7	255.2	239.9	230.6	216.5	211.2	193.0	191.2	174.0	166.3	147.4	145.3	141.3	131.8	113.0	101.2	97.72	85.93
550.0	71.18	88.28	69.11	109.9	137.6	176.6	204.2	189.1	249.8	220.3	266.2	294.4	281.7	322.9	359.1	413.5	354.2	291.6	292.6	255.5	235.7	208.0	207.0	196.7	203.8	191.0	194.4	198.3	204.8	205.5	199.8	209.4	217.3	229.1	232.1	218.5	205.0	205.9	192.1	176.7	171.3	166.4	154.3	141.9	132.6	127.5	113.6	110.6	94.35	88.03	83.57
