Sample:	'SLABO1-5-5-320
File name:	3N12.FD3
Run Date:	15:50:59, 08/24/2022
Operator:	Administrator
Comment:	'

Instrument
Model:	F-7000 FL Spectrophotometer
Serial Number:	2354-007
ROM Version:	5J14000 06

Instrument Parameters
Measurement type:	3-D Scan
Data mode:	Fluorescence
EX  Start WL:	200.0 nm
EX  End WL:	450.0 nm
EX Sampling Interval:	5.0 nm
EM  Start WL:	280.0 nm
EM  End WL:	550.0 nm
EM Sampling Interval:	5.0 nm
Scan speed:	12000 nm/min
EX Slit:	5.0 nm
EM Slit:	5.0 nm
PMT Voltage:	700 V
Response:	Auto 
Corrected spectra:	Off
Shutter control:	On
Contour interval:	25.000

Peak integration
Integration method:	Rectangular
Sensitivity:	1
Threshold:	1.000

Peaks
No.	ApexEX/EM(nm)	Height(Data)
1	205.0/305.0	633.8
2	210.0/320.0	593.6
3	210.0/515.0	259.5
4	215.0/545.0	163.5
5	220.0/300.0	676.0
6	220.0/500.0	421.4
7	225.0/310.0	720.3
8	225.0/325.0	897.9
9	230.0/350.0	 1253
10	230.0/360.0	 1252
11	235.0/355.0	 1252
12	235.0/390.0	 1509
13	245.0/385.0	 1442
14	245.0/415.0	 1588
15	250.0/400.0	 1605
16	250.0/425.0	 1560
17	255.0/410.0	 1659
18	260.0/415.0	 1665
19	260.0/430.0	 1638
20	260.0/495.0	913.7
21	265.0/380.0	 1557
22	265.0/390.0	 1553
23	265.0/440.0	 1608
24	270.0/415.0	 1688
25	270.0/430.0	 1651
26	275.0/305.0	867.4
27	275.0/390.0	 1566
28	275.0/445.0	 1565
29	280.0/310.0	 1006
30	285.0/315.0	986.1
31	290.0/320.0	885.7
32	290.0/390.0	 1460
33	295.0/330.0	791.5
34	300.0/335.0	776.2
35	305.0/340.0	759.5
36	305.0/395.0	 1424
37	310.0/345.0	779.4
38	320.0/360.0	946.7
39	325.0/405.0	 1513
40	330.0/425.0	 1457
41	350.0/295.0	3.338
42	355.0/290.0	3.119
43	385.0/305.0	2.948
44	395.0/295.0	2.847
45	410.0/295.0	2.561
46	410.0/335.0	3.816
47	415.0/310.0	3.313
48	425.0/325.0	3.604
49	435.0/375.0	4.877
50	435.0/390.0	5.712
51	440.0/345.0	4.016
52	445.0/350.0	4.213

Data Points
	200.0	205.0	210.0	215.0	220.0	225.0	230.0	235.0	240.0	245.0	250.0	255.0	260.0	265.0	270.0	275.0	280.0	285.0	290.0	295.0	300.0	305.0	310.0	315.0	320.0	325.0	330.0	335.0	340.0	345.0	350.0	355.0	360.0	365.0	370.0	375.0	380.0	385.0	390.0	395.0	400.0	405.0	410.0	415.0	420.0	425.0	430.0	435.0	440.0	445.0	450.0
280.0	81.54	23.53	58.18	48.45	45.14	35.27	26.55	28.77	11.31	36.00	49.98	66.97	49.50	19.99	15.36	306.8	 1528	868.4	30.85	8.659	5.659	1.961	3.192	2.400	2.324	1.764	1.413	1.722	1.355	0.558	0.970	1.376	1.162	1.198	1.152	1.204	0.851	1.337	1.107	0.728	0.511	0.947	1.001	0.484	0.455	0.662	0.611	0.552	0.451	0.584	0.745
285.0	205.5	124.6	159.8	172.7	211.7	187.6	107.7	65.53	40.30	68.75	104.5	125.9	179.2	106.7	55.35	57.34	548.6	 3892	 2910	210.0	5.583	5.762	3.500	2.501	4.163	3.211	1.779	2.327	1.184	1.097	2.275	1.672	1.753	1.202	0.953	1.139	1.053	1.731	0.719	0.785	1.103	1.656	0.947	1.309	0.962	0.958	0.866	1.404	1.184	0.989	1.908
290.0	318.4	299.8	216.3	299.0	367.3	358.7	244.2	138.4	100.1	117.8	169.1	146.3	177.8	315.8	158.3	107.8	118.6	 1255	 7400	 4453	281.6	6.143	4.190	6.324	4.143	3.939	1.569	2.189	1.331	1.969	1.173	3.119	1.213	0.627	0.860	1.208	1.155	0.807	1.508	2.173	1.940	1.265	1.630	1.793	2.201	1.981	1.253	1.920	1.992	1.386	1.812
295.0	492.1	409.8	373.0	560.7	453.4	553.0	372.3	220.5	127.3	162.0	172.8	197.7	185.5	343.6	464.7	273.9	187.7	210.1	 2029	9999.9	 5989	342.6	6.517	6.582	5.050	4.432	4.339	2.413	2.297	1.538	3.338	2.306	1.398	1.665	1.198	1.705	1.904	1.217	1.716	2.847	1.452	2.129	2.561	1.363	1.737	1.899	1.315	1.753	2.365	3.232	2.003
300.0	597.1	531.6	483.7	669.7	676.0	618.8	475.9	302.2	184.5	169.5	202.2	204.8	236.1	243.6	559.7	585.6	331.0	227.0	264.1	 2664	9999.9	 6645	353.3	8.907	5.923	4.568	5.803	3.806	3.548	2.056	2.097	2.728	2.021	0.877	1.778	0.724	1.963	1.235	2.033	2.477	2.305	1.801	1.559	2.060	1.792	1.836	1.611	2.889	2.155	2.750	3.010
305.0	611.0	633.8	527.5	538.1	623.6	664.6	525.7	356.6	250.0	251.0	218.7	245.6	293.8	326.6	435.1	867.4	666.3	343.7	234.6	278.3	 2998	9999.9	 7325	398.8	11.26	6.422	6.204	5.213	2.542	3.785	1.786	1.930	1.768	2.751	1.356	1.356	1.720	2.948	1.793	2.040	2.246	2.332	1.609	2.006	2.201	1.995	1.516	2.242	3.517	2.645	3.696
310.0	554.1	544.3	494.7	470.9	590.4	720.3	525.4	440.9	331.4	233.5	291.7	268.5	334.6	386.7	438.8	590.5	 1006	640.0	297.9	165.4	286.3	 2774	9999.9	 7964	391.3	11.26	8.648	6.595	5.063	3.681	4.064	3.815	2.878	1.517	1.763	2.019	1.772	1.787	1.267	1.832	2.441	2.105	2.454	3.313	1.702	2.061	2.484	2.539	2.107	2.341	2.596
315.0	443.0	543.8	468.7	471.0	563.5	614.2	629.1	486.8	317.4	245.8	302.7	281.6	341.7	408.7	492.9	578.4	724.8	986.1	489.2	217.2	133.4	260.1	 3060	9999.9	 7606	330.1	11.21	8.519	6.116	3.531	2.909	3.482	2.207	2.695	2.275	2.499	1.819	1.970	2.112	2.633	2.413	2.208	1.792	2.641	1.369	2.539	2.066	1.797	2.719	2.437	2.417
320.0	412.7	504.6	593.6	473.2	586.5	647.9	711.4	493.7	370.1	291.6	353.9	347.8	406.1	452.4	563.2	634.9	658.3	788.9	885.7	375.1	192.0	140.2	277.3	 3363	9999.9	 7892	327.5	12.24	9.143	6.067	4.493	4.443	3.415	2.339	1.940	2.803	1.700	1.858	1.469	2.739	1.325	1.911	2.782	2.036	2.228	2.421	2.733	2.803	2.947	2.936	2.910
325.0	367.9	466.9	500.5	449.2	686.0	897.9	866.1	717.1	485.7	342.7	394.0	396.4	455.6	505.3	597.6	710.3	739.8	710.4	800.2	719.0	293.9	177.2	143.1	295.2	 3142	9999.9	 7220	333.3	12.23	8.012	6.995	4.393	4.483	3.267	2.562	3.106	1.744	1.483	1.920	1.835	2.697	2.638	2.337	1.771	1.444	3.604	2.459	2.479	2.802	2.682	3.069
330.0	345.8	513.4	410.0	579.4	591.6	884.7	937.7	789.1	601.6	426.7	399.7	408.1	449.0	514.8	642.7	738.7	808.5	742.8	672.5	791.5	630.1	278.4	180.9	157.2	283.0	 3174	9999.9	 7591	319.1	11.50	9.210	5.838	7.130	4.923	3.978	1.822	1.837	1.934	1.990	2.571	1.826	2.505	1.740	1.762	2.240	2.028	2.608	2.674	3.586	3.721	3.526
335.0	214.4	377.9	480.1	539.5	647.2	854.7	 1004	974.4	647.7	487.1	406.8	436.2	493.3	578.2	685.0	787.1	853.7	827.4	711.5	594.4	776.2	539.5	275.2	191.9	150.5	295.1	 2849	9999.9	 7299	307.0	13.61	8.825	6.698	6.140	3.802	2.295	2.906	1.963	2.271	2.224	1.870	1.581	3.816	2.320	1.711	1.574	2.332	3.016	3.001	3.550	4.250
340.0	258.1	275.5	377.5	454.2	656.6	899.2	 1202	 1073	797.6	574.5	506.5	493.7	555.2	617.9	712.7	841.5	865.0	911.2	790.3	639.5	602.1	759.5	467.7	271.3	188.8	171.6	280.8	 3033	9999.9	 7173	330.6	12.45	9.655	7.747	7.408	4.790	2.086	2.919	2.112	1.871	2.093	2.182	1.968	2.113	1.493	2.631	2.062	2.977	2.852	3.745	3.539
345.0	317.2	316.7	425.0	569.9	709.5	928.7	 1189	 1135	800.6	686.5	590.3	617.1	656.4	703.4	842.9	888.7	978.2	957.0	865.5	754.0	615.1	653.7	779.4	421.0	289.3	221.3	178.7	305.8	 2770	9999.9	 7620	365.9	10.18	11.68	6.878	5.159	4.881	2.693	1.583	2.101	2.138	2.104	1.803	1.765	1.469	2.938	1.540	2.805	4.016	3.086	3.908
350.0	220.0	366.5	470.2	594.8	817.7	853.3	 1253	 1188	 1028	857.5	695.9	708.6	695.4	868.2	938.6	948.3	 1042	 1031	953.2	841.9	718.9	660.4	737.2	764.9	453.6	320.0	262.9	201.4	301.7	 2521	9999.9	 8431	367.3	15.79	8.253	8.584	5.425	3.929	2.406	2.899	1.745	2.267	1.975	2.206	2.159	2.501	2.488	2.895	3.195	4.213	3.733
355.0	183.2	321.2	371.6	467.2	761.9	912.4	 1164	 1252	 1112	920.4	869.5	799.7	932.9	986.8	 1031	 1065	 1044	 1099	 1082	952.6	850.6	781.6	725.5	833.5	767.1	472.1	373.0	300.2	225.2	297.4	 2444	9999.9	 7635	360.1	11.85	10.61	6.859	4.498	3.901	3.809	1.766	2.695	1.828	2.060	2.330	2.298	2.253	2.764	3.231	3.967	3.733
360.0	303.3	307.8	444.2	646.7	901.7	 1036	 1252	 1168	 1179	982.5	 1020	 1025	 1069	 1071	 1129	 1173	 1239	 1146	 1122	 1041	961.5	889.8	840.9	810.3	946.7	779.1	521.9	400.1	322.8	225.2	290.4	 2990	9999.9	 7612	308.9	15.39	9.268	5.780	3.846	5.011	3.304	3.369	2.432	3.389	2.161	3.555	2.604	2.286	3.481	3.130	4.364
365.0	263.6	351.9	525.0	685.0	805.0	 1028	 1217	 1292	 1244	 1120	 1105	 1096	 1206	 1208	 1258	 1257	 1251	 1232	 1215	 1137	 1063	 1021	975.7	894.0	903.5	 1026	803.9	558.0	430.0	321.0	237.5	323.1	 2449	9999.9	 7733	332.1	11.78	7.016	5.193	5.766	3.448	4.014	2.574	2.784	2.181	4.133	2.613	2.993	2.847	3.448	3.186
370.0	165.5	363.0	648.7	529.6	892.8	983.8	 1244	 1307	 1279	 1212	 1227	 1202	 1272	 1342	 1388	 1361	 1323	 1290	 1302	 1201	 1136	 1118	 1065	 1031	969.0	 1018	 1042	786.5	565.6	419.2	312.4	218.1	286.9	 2639	9999.9	 7611	303.4	12.54	7.893	8.327	4.758	4.552	3.424	2.802	3.740	3.912	3.200	3.422	3.031	3.527	3.878
375.0	286.3	362.1	461.1	649.2	894.4	998.1	 1210	 1301	 1387	 1386	 1290	 1260	 1375	 1472	 1410	 1416	 1370	 1363	 1345	 1292	 1269	 1243	 1167	 1147	 1105	 1050	 1083	 1061	747.4	560.0	419.5	291.6	213.2	282.4	 2451	9999.9	 7100	316.0	11.46	11.29	6.542	4.797	4.346	2.156	2.730	3.459	2.410	4.877	2.624	4.480	4.748
380.0	209.6	367.3	533.4	648.2	808.0	 1085	 1231	 1408	 1379	 1420	 1344	 1362	 1361	 1557	 1516	 1439	 1431	 1402	 1370	 1326	 1295	 1319	 1304	 1246	 1202	 1168	 1117	 1128	 1032	701.0	529.6	395.9	292.1	195.6	277.2	 2584	9999.9	 6696	275.9	16.61	8.821	6.972	5.161	2.909	2.693	3.840	3.005	3.281	3.516	4.857	5.048
385.0	220.3	466.1	534.0	684.9	827.1	903.3	 1317	 1436	 1403	 1442	 1425	 1391	 1467	 1529	 1518	 1425	 1481	 1383	 1392	 1348	 1343	 1325	 1343	 1360	 1308	 1287	 1179	 1122	 1155	927.1	661.3	505.1	387.7	279.1	193.8	283.6	 2250	9999.9	 6131	393.7	12.60	10.24	7.304	4.983	4.783	3.717	3.371	4.455	3.347	3.510	4.839
390.0	215.4	456.6	565.2	717.7	818.5	 1179	 1377	 1509	 1376	 1374	 1478	 1427	 1520	 1553	 1499	 1566	 1495	 1425	 1460	 1422	 1350	 1356	 1367	 1381	 1371	 1360	 1260	 1195	 1116	 1113	851.2	643.2	490.8	382.2	275.1	202.2	267.5	 2063	9999.9	 9735	262.9	17.17	9.490	5.810	4.972	5.063	4.026	5.712	3.508	6.305	4.379
395.0	196.2	407.0	620.7	707.3	859.5	 1189	 1207	 1477	 1504	 1573	 1502	 1526	 1496	 1530	 1586	 1496	 1486	 1493	 1412	 1376	 1366	 1424	 1396	 1431	 1438	 1428	 1353	 1267	 1171	 1124	 1058	814.5	621.1	479.5	370.0	262.3	200.4	248.8	 1953	9999.9	 6114	301.7	15.34	6.732	5.980	4.740	3.729	4.832	5.033	4.660	4.582
400.0	355.3	473.8	606.3	784.6	960.4	 1116	 1276	 1456	 1511	 1547	 1605	 1521	 1546	 1609	 1594	 1543	 1507	 1516	 1451	 1422	 1368	 1411	 1447	 1432	 1467	 1487	 1446	 1364	 1272	 1187	 1126	 1026	753.4	613.5	481.4	355.9	267.0	190.1	236.7	 2423	9999.9	 7614	256.8	12.68	7.887	5.241	4.550	4.333	4.424	4.239	4.209
405.0	329.2	416.2	551.2	780.0	974.3	 1152	 1330	 1405	 1490	 1577	 1515	 1585	 1541	 1603	 1583	 1602	 1531	 1492	 1463	 1400	 1412	 1394	 1436	 1460	 1492	 1513	 1508	 1425	 1317	 1268	 1121	 1126	980.3	741.1	606.2	468.2	357.9	260.9	178.0	269.7	 1848	9999.9	 6936	200.8	11.09	9.564	6.123	5.778	4.579	5.390	5.169
410.0	253.5	431.6	637.3	897.4	990.7	 1152	 1312	 1437	 1398	 1586	 1630	 1659	 1591	 1617	 1663	 1632	 1502	 1475	 1487	 1410	 1385	 1425	 1426	 1468	 1489	 1489	 1499	 1487	 1410	 1318	 1196	 1103	 1114	926.8	730.1	572.6	441.6	328.5	241.0	172.6	219.0	 2185	9999.9	 4585	181.8	12.60	9.702	6.862	6.653	5.191	5.103
415.0	345.7	467.7	536.0	804.4	951.0	 1142	 1366	 1410	 1509	 1588	 1540	 1636	 1665	 1634	 1688	 1562	 1571	 1525	 1485	 1427	 1382	 1381	 1418	 1426	 1473	 1480	 1468	 1474	 1412	 1337	 1258	 1179	 1102	 1092	881.3	660.8	523.8	395.5	294.1	218.7	155.1	236.5	 2259	 8119	 4433	195.7	10.78	8.101	6.949	6.904	4.778
420.0	283.9	488.4	650.1	779.2	902.1	 1134	 1352	 1435	 1436	 1576	 1546	 1632	 1662	 1611	 1608	 1591	 1493	 1514	 1443	 1360	 1352	 1332	 1370	 1432	 1437	 1435	 1424	 1458	 1408	 1378	 1306	 1202	 1129	 1086	 1022	778.5	577.1	451.7	355.6	255.7	190.7	136.1	223.3	 1602	 7983	 4699	162.7	12.63	8.281	6.295	5.341
425.0	244.5	498.1	534.0	794.1	788.1	 1142	 1159	 1418	 1424	 1539	 1560	 1516	 1545	 1616	 1619	 1577	 1534	 1469	 1421	 1333	 1299	 1289	 1316	 1351	 1391	 1420	 1457	 1440	 1417	 1394	 1319	 1249	 1138	 1098	 1040	896.8	682.1	511.5	409.8	309.6	232.5	169.4	121.7	170.4	 1542	 8181	 4241	138.2	11.07	7.322	7.311
430.0	320.2	474.4	594.3	668.8	926.8	 1039	 1323	 1367	 1405	 1531	 1446	 1526	 1638	 1576	 1651	 1595	 1557	 1421	 1383	 1299	 1261	 1279	 1256	 1314	 1308	 1357	 1384	 1402	 1371	 1373	 1313	 1241	 1195	 1126	 1028	967.5	789.5	580.5	463.3	374.0	276.0	212.7	142.8	110.3	167.4	 1551	 7901	 3548	127.9	11.56	8.801
435.0	192.9	393.6	608.4	734.0	801.1	 1239	 1272	 1270	 1348	 1372	 1430	 1555	 1578	 1596	 1568	 1573	 1470	 1435	 1387	 1241	 1197	 1218	 1227	 1257	 1261	 1314	 1342	 1345	 1376	 1341	 1307	 1247	 1229	 1131	 1041	945.6	867.4	686.9	499.4	416.1	316.8	253.7	181.9	136.7	99.09	164.3	 1549	 6837	 3440	125.2	12.31
440.0	207.3	446.1	542.5	623.5	952.1	 1047	 1088	 1222	 1274	 1398	 1465	 1490	 1500	 1608	 1565	 1524	 1423	 1392	 1321	 1249	 1157	 1173	 1182	 1203	 1256	 1277	 1299	 1297	 1308	 1278	 1264	 1230	 1206	 1137	 1077	946.3	869.1	769.1	605.5	458.6	370.5	295.6	220.1	173.7	131.5	93.86	163.9	 1380	 6820	 3424	119.1
445.0	260.7	364.6	464.4	626.4	915.9	968.7	 1140	 1163	 1229	 1455	 1432	 1469	 1498	 1542	 1536	 1565	 1417	 1337	 1273	 1210	 1128	 1115	 1135	 1138	 1161	 1203	 1226	 1229	 1254	 1260	 1233	 1203	 1189	 1153	 1066	938.6	836.7	793.9	662.4	501.6	402.5	336.7	265.9	195.2	161.7	124.6	101.5	150.1	 1445	 6622	 3032
450.0	298.1	374.3	500.2	602.9	584.7	968.0	996.6	 1138	 1267	 1251	 1402	 1375	 1425	 1488	 1497	 1465	 1393	 1326	 1236	 1158	 1093	 1037	 1043	 1068	 1105	 1149	 1178	 1186	 1187	 1179	 1192	 1153	 1171	 1100	 1046	934.5	834.5	747.6	687.5	558.3	443.6	355.6	300.0	234.1	192.4	158.5	117.1	87.91	148.5	 1355	 6601
455.0	241.8	315.5	453.4	555.9	661.8	891.1	 1034	 1109	 1223	 1173	 1340	 1342	 1433	 1444	 1463	 1467	 1315	 1230	 1166	 1120	 1020	986.4	 1001	 1005	 1045	 1072	 1073	 1078	 1106	 1136	 1105	 1149	 1120	 1073	 1021	919.6	831.3	735.7	648.3	615.6	503.7	388.3	324.8	267.6	219.5	172.9	143.0	100.6	81.69	144.8	 1346
460.0	269.8	287.6	449.7	539.3	750.3	863.3	919.3	 1009	 1091	 1177	 1273	 1266	 1382	 1427	 1365	 1343	 1275	 1198	 1100	 1022	970.7	958.8	949.4	936.0	981.6	992.7	 1007	 1039	 1018	 1053	 1059	 1034	 1053	 1039	979.6	902.8	815.9	709.2	643.5	600.7	539.3	436.4	353.9	294.7	246.6	216.5	165.2	122.7	102.7	73.39	134.8
465.0	291.6	294.1	383.1	542.4	593.6	708.2	941.5	 1024	 1037	 1033	 1172	 1132	 1231	 1349	 1328	 1228	 1188	 1152	 1052	962.8	901.3	868.5	866.7	855.1	908.7	926.1	932.4	953.5	968.9	991.9	975.8	970.5	990.9	972.6	922.4	870.9	782.3	712.7	617.9	557.3	526.2	482.2	368.6	308.0	274.0	227.0	183.7	148.1	110.0	86.77	68.28
470.0	202.8	371.0	412.2	527.4	580.6	723.3	821.1	855.1	983.4	976.6	 1022	 1111	 1171	 1246	 1241	 1177	 1169	 1105	 1009	860.5	819.9	839.3	817.4	817.7	824.7	820.7	851.7	855.6	877.0	906.8	918.0	924.8	924.5	916.2	892.7	827.1	771.3	686.3	603.6	546.4	503.0	464.7	408.1	329.9	275.3	247.5	193.2	159.0	127.0	95.56	78.73
475.0	202.6	269.5	366.4	466.5	587.5	710.0	802.3	764.6	861.4	964.9	 1029	 1038	 1060	 1055	 1140	 1084	 1060	981.1	963.1	832.0	807.9	761.3	717.6	757.2	735.2	761.7	760.4	796.4	812.5	835.4	832.8	841.2	843.6	839.3	814.3	780.7	716.7	643.1	576.8	534.7	476.3	436.5	412.9	338.8	289.5	243.5	208.9	171.4	131.8	109.1	85.91
480.0	228.8	279.5	263.6	343.2	434.8	624.2	691.8	760.5	816.1	882.5	938.6	967.0	966.5	 1060	 1080	 1073	995.6	934.7	875.2	786.6	721.7	712.7	689.1	700.6	712.4	701.9	726.8	735.2	752.8	768.1	771.9	770.1	785.5	784.9	764.3	724.2	669.9	615.9	555.0	498.4	461.4	406.1	392.3	367.8	298.1	248.6	220.4	182.5	153.9	119.4	95.02
485.0	158.8	293.0	268.2	404.5	453.2	488.6	647.7	715.3	778.3	794.1	926.8	937.8	943.6	972.3	 1046	955.1	982.1	875.6	831.2	727.6	694.1	661.6	642.7	612.9	645.2	639.5	657.7	685.4	697.2	686.2	709.7	707.6	710.4	742.0	730.8	669.1	629.0	579.9	537.5	503.5	445.3	403.5	369.6	356.4	313.3	263.8	222.8	184.3	162.2	127.7	107.2
490.0	160.5	269.8	247.5	311.0	450.5	489.6	625.4	639.8	732.8	746.0	808.1	818.0	856.7	889.3	926.7	951.9	922.8	804.9	758.2	696.3	625.4	618.7	586.5	593.4	600.7	595.5	600.4	621.9	626.6	642.2	650.4	693.1	683.8	678.1	670.5	629.6	593.0	551.7	496.3	481.2	431.3	396.8	365.9	328.4	313.2	284.4	230.4	203.0	167.5	139.7	114.8
495.0	159.7	225.3	247.0	392.6	390.0	490.6	567.8	654.7	665.9	650.5	742.9	767.8	913.7	873.7	939.6	932.8	840.7	802.4	717.4	665.4	610.7	584.2	567.7	550.1	561.8	574.8	548.0	569.6	562.5	579.8	590.8	601.9	620.1	630.7	616.9	596.3	576.1	540.0	493.0	451.2	405.0	382.6	350.5	319.1	301.5	294.6	247.2	195.4	171.8	153.3	117.5
500.0	147.8	241.0	219.6	343.3	421.4	377.4	474.7	594.3	619.6	694.9	712.5	727.2	793.9	767.8	861.1	819.8	820.4	734.9	673.2	630.4	564.1	543.2	516.0	518.5	510.2	516.0	489.8	507.7	532.2	555.1	540.8	554.8	560.2	585.7	576.4	543.0	538.7	493.1	455.5	403.3	387.2	366.8	338.1	310.9	287.2	268.7	254.1	209.3	172.9	151.9	128.3
505.0	81.45	207.2	267.7	320.4	377.1	405.3	459.4	517.4	569.1	622.1	669.8	698.1	722.7	681.9	815.8	781.1	698.5	673.8	642.7	570.1	526.7	505.2	474.8	466.5	453.5	457.3	475.1	481.2	478.1	483.5	487.5	507.0	515.7	536.2	527.4	518.2	494.6	455.0	435.9	394.9	360.6	347.0	321.3	297.9	275.7	253.3	236.3	216.9	171.9	150.6	128.9
510.0	107.1	148.0	213.5	274.6	377.5	414.7	449.2	481.9	510.6	574.1	583.4	659.0	680.9	646.0	695.1	690.8	652.7	646.7	547.7	524.4	480.1	459.3	423.5	411.6	424.8	427.1	423.7	437.2	445.8	439.4	446.2	457.8	460.2	485.6	497.6	454.0	440.8	416.8	392.8	362.3	336.4	332.0	303.8	270.9	251.3	239.4	220.1	213.3	188.4	151.6	129.6
515.0	104.6	197.8	259.5	259.1	245.7	271.1	381.6	364.2	496.5	481.8	502.6	603.9	615.2	642.7	665.0	627.8	610.1	590.6	514.8	475.0	430.7	411.7	385.1	379.3	381.5	388.5	378.7	385.2	378.6	407.8	413.7	426.7	428.6	426.3	431.6	427.4	401.8	386.2	370.8	332.2	318.4	300.2	275.5	264.6	243.3	225.9	202.2	191.4	186.9	166.0	123.3
520.0	106.9	156.8	140.3	207.2	310.1	332.9	350.1	428.0	439.9	473.2	526.2	508.2	559.4	584.2	596.6	599.6	575.7	506.0	464.8	442.2	370.4	367.0	366.5	350.2	351.7	345.4	340.3	341.3	358.9	360.0	365.0	362.2	389.1	401.5	395.7	373.6	358.7	345.1	323.9	307.5	288.1	271.9	260.7	244.4	225.7	209.0	190.4	170.2	172.8	164.9	125.7
525.0	99.29	136.7	193.6	236.1	248.4	298.6	351.4	378.6	395.8	409.2	465.0	451.5	502.0	536.2	567.3	577.8	525.2	468.7	416.4	391.7	356.3	334.7	316.9	326.2	314.1	310.4	316.3	300.8	319.8	318.0	325.4	341.9	335.3	358.7	342.1	351.1	334.9	303.4	294.9	285.4	263.4	257.9	240.2	224.9	213.9	198.0	182.3	167.7	156.5	155.7	142.4
530.0	101.3	174.0	137.6	156.4	209.8	240.2	298.7	341.3	379.8	386.4	394.8	464.9	459.9	469.0	502.9	491.6	489.6	416.6	405.7	362.8	313.4	306.9	284.1	282.3	272.4	266.0	284.2	277.8	295.5	282.3	282.5	294.4	306.0	309.3	308.9	301.8	288.0	284.9	272.5	256.4	237.0	232.5	208.5	206.3	194.0	185.3	164.8	157.1	137.5	134.8	132.5
535.0	84.74	117.0	128.9	134.8	222.3	184.3	224.4	342.8	354.0	322.6	345.8	398.7	394.1	472.9	424.3	440.9	432.5	372.3	344.9	319.4	286.3	251.6	265.9	258.1	248.2	241.1	252.0	242.3	256.1	259.0	259.8	271.6	275.6	271.6	283.7	269.0	261.0	240.1	227.3	229.2	214.6	212.2	198.0	194.3	174.2	161.6	156.6	142.8	135.1	119.5	118.0
540.0	94.61	120.1	127.9	148.2	150.3	223.7	247.2	240.2	305.0	295.2	325.9	333.2	384.7	384.3	441.0	425.4	397.9	345.6	302.1	281.1	266.1	248.5	243.7	226.1	226.4	209.7	214.4	212.5	213.0	229.6	218.1	228.0	237.1	256.3	245.6	255.8	243.5	216.7	222.8	205.2	193.3	187.2	180.7	165.4	159.8	150.3	139.9	121.6	117.3	117.0	105.1
545.0	69.30	63.48	113.8	163.5	137.1	166.3	213.5	225.8	241.8	273.7	295.4	301.7	369.6	371.8	357.8	396.5	351.0	308.6	270.2	252.3	228.6	226.6	203.1	208.2	192.4	187.2	184.8	185.6	195.7	190.1	191.6	201.4	204.1	214.3	206.0	227.8	203.1	201.8	191.5	188.8	178.2	169.0	164.0	146.6	143.2	134.6	121.0	119.2	103.5	101.5	93.85
550.0	49.20	76.31	97.98	126.4	100.6	206.0	211.6	207.6	256.3	230.5	280.3	269.1	283.0	312.8	349.8	367.7	347.3	296.3	262.2	230.9	217.2	189.7	179.7	191.3	168.3	176.6	179.3	175.2	170.9	176.9	184.8	182.5	193.9	192.9	200.6	182.6	194.0	189.1	177.9	170.9	162.3	154.2	149.2	136.3	136.0	122.3	113.2	109.7	100.4	86.59	86.31
