Sample:	'SLABO1-5-5-320
File name:	3N2.FD3
Run Date:	15:04:30, 08/24/2022
Operator:	Administrator
Comment:	'

Instrument
Model:	F-7000 FL Spectrophotometer
Serial Number:	2354-007
ROM Version:	5J14000 06

Instrument Parameters
Measurement type:	3-D Scan
Data mode:	Fluorescence
EX  Start WL:	200.0 nm
EX  End WL:	450.0 nm
EX Sampling Interval:	5.0 nm
EM  Start WL:	280.0 nm
EM  End WL:	550.0 nm
EM Sampling Interval:	5.0 nm
Scan speed:	12000 nm/min
EX Slit:	5.0 nm
EM Slit:	5.0 nm
PMT Voltage:	700 V
Response:	Auto 
Corrected spectra:	Off
Shutter control:	On
Contour interval:	25.000

Peak integration
Integration method:	Rectangular
Sensitivity:	1
Threshold:	1.000

Peaks
No.	ApexEX/EM(nm)	Height(Data)
1	205.0/315.0	512.0
2	205.0/540.0	117.4
3	210.0/310.0	478.4
4	210.0/320.0	465.7
5	215.0/300.0	537.1
6	220.0/315.0	607.5
7	225.0/310.0	634.0
8	225.0/495.0	623.5
9	230.0/340.0	 1216
10	230.0/380.0	 1237
11	235.0/370.0	 1223
12	235.0/420.0	 1495
13	240.0/410.0	 1527
14	245.0/395.0	 1481
15	250.0/400.0	 1501
16	250.0/415.0	 1541
17	255.0/435.0	 1610
18	260.0/410.0	 1562
19	265.0/290.0	256.9
20	265.0/415.0	 1620
21	265.0/430.0	 1581
22	265.0/440.0	 1586
23	270.0/425.0	 1592
24	270.0/445.0	 1600
25	275.0/305.0	727.9
26	275.0/410.0	 1584
27	275.0/435.0	 1591
28	280.0/310.0	853.9
29	285.0/315.0	885.4
30	285.0/400.0	 1539
31	290.0/325.0	771.6
32	290.0/410.0	 1524
33	295.0/330.0	760.6
34	300.0/335.0	721.1
35	305.0/340.0	712.2
36	320.0/410.0	 1485
37	325.0/420.0	 1494
38	330.0/415.0	 1517
39	335.0/420.0	 1490
40	340.0/430.0	 1444
41	390.0/305.0	2.334
42	390.0/315.0	2.667
43	425.0/350.0	2.914
44	425.0/380.0	3.903
45	435.0/395.0	4.812
46	440.0/315.0	3.019

Data Points
	200.0	205.0	210.0	215.0	220.0	225.0	230.0	235.0	240.0	245.0	250.0	255.0	260.0	265.0	270.0	275.0	280.0	285.0	290.0	295.0	300.0	305.0	310.0	315.0	320.0	325.0	330.0	335.0	340.0	345.0	350.0	355.0	360.0	365.0	370.0	375.0	380.0	385.0	390.0	395.0	400.0	405.0	410.0	415.0	420.0	425.0	430.0	435.0	440.0	445.0	450.0
280.0	47.39	16.70	29.97	28.58	47.02	31.23	30.90	13.74	15.04	47.95	61.40	88.12	46.68	21.73	8.581	227.6	 1416	700.4	24.32	5.795	1.571	1.856	2.193	2.697	0.880	1.283	1.993	1.890	1.064	1.076	1.264	0.877	0.713	1.147	1.055	1.284	1.128	0.921	0.584	0.990	0.560	0.547	0.752	0.892	0.409	0.807	0.509	0.384	0.649	0.624	0.333
285.0	154.6	71.80	87.69	132.4	121.3	175.5	101.8	68.46	49.12	102.5	130.6	153.6	183.4	97.74	37.84	45.42	519.1	 3497	 2415	153.4	4.286	3.339	3.802	2.463	2.301	1.678	2.488	1.964	0.979	1.700	1.627	0.744	1.087	0.879	0.908	0.781	1.201	0.721	0.534	0.717	1.029	1.154	0.717	0.686	0.438	0.582	0.780	0.723	0.565	0.720	0.848
290.0	301.9	273.3	140.6	247.5	242.1	315.9	222.7	157.6	92.73	140.8	184.7	192.2	208.5	256.9	152.5	101.7	111.2	 1129	 6824	 3624	191.4	5.227	4.445	3.507	3.725	3.057	2.568	2.113	2.295	1.134	1.251	1.390	0.971	1.105	1.486	0.998	1.569	1.385	1.248	0.881	1.292	0.845	0.599	0.727	1.018	0.821	0.767	1.028	1.127	1.635	1.188
295.0	346.9	358.5	295.5	309.7	398.7	434.1	388.7	231.1	150.7	174.7	230.3	228.2	194.4	249.9	388.8	245.2	179.5	192.4	 2003	 9084	 4460	225.3	5.461	5.057	4.745	3.135	4.130	2.485	1.578	1.039	0.616	0.916	1.081	1.778	1.643	1.242	0.930	0.884	1.474	0.993	1.212	1.367	0.897	1.108	1.167	0.685	0.780	1.911	1.942	1.807	1.499
300.0	498.2	417.3	400.1	537.1	474.9	524.3	509.9	267.2	171.8	203.2	244.4	225.6	229.4	248.8	483.6	531.9	320.2	219.8	255.1	 2324	9999.9	 5163	234.7	6.961	4.854	4.317	4.466	2.224	1.378	1.784	1.632	1.466	1.075	1.406	1.063	1.061	1.777	1.229	1.421	1.328	0.952	1.814	1.391	1.418	0.493	0.997	1.735	2.458	1.774	2.105	2.972
305.0	522.4	388.8	452.7	431.9	492.3	586.0	541.4	303.3	216.2	212.9	237.8	248.9	280.8	289.9	384.8	727.9	576.4	313.9	208.8	240.8	 2311	9999.9	 5520	276.6	7.840	6.270	4.546	4.611	2.556	2.455	1.591	2.084	1.787	1.032	1.306	1.608	1.742	0.730	2.334	1.367	1.391	1.123	1.289	0.828	0.951	1.214	1.720	1.831	2.156	2.199	1.964
310.0	400.8	439.8	478.4	406.4	445.4	634.0	542.5	382.2	251.5	286.6	259.3	299.5	290.9	357.1	460.5	525.6	853.9	523.2	283.0	149.0	224.3	 2380	9999.9	 5836	261.8	7.878	6.927	5.614	4.195	3.373	2.272	1.805	1.366	2.218	2.273	1.307	1.676	1.762	0.932	1.165	1.296	1.587	1.967	1.695	1.687	2.193	2.272	2.027	2.181	1.854	2.356
315.0	392.0	512.0	426.4	411.4	607.5	592.0	567.1	412.2	294.8	296.3	281.3	289.1	384.4	374.9	487.3	558.8	653.4	885.4	430.2	199.1	126.5	232.2	 2731	9999.9	 5866	250.5	11.04	7.517	5.820	4.045	2.713	2.106	2.736	3.090	1.787	1.201	1.755	1.345	2.667	1.414	1.505	1.900	1.255	1.881	1.784	1.576	1.193	1.608	3.019	3.006	2.490
320.0	385.5	402.1	465.7	404.1	552.9	661.4	556.5	446.3	313.3	317.0	300.5	326.2	367.8	452.5	541.7	612.8	632.4	734.3	771.3	315.2	180.0	134.9	261.9	 2889	9999.9	 5863	254.6	11.68	6.152	5.152	4.696	2.913	1.768	1.637	1.551	1.398	1.713	1.194	1.712	1.018	1.789	1.372	1.584	1.580	2.005	1.655	1.753	1.418	1.801	2.591	3.037
325.0	277.8	402.3	434.6	472.9	546.0	700.1	785.7	648.5	407.7	332.7	362.7	383.3	425.1	453.8	567.5	635.4	728.6	679.0	771.6	661.6	297.6	187.0	150.3	265.4	 2785	9999.9	 7811	243.5	7.276	8.454	5.432	4.726	3.284	2.296	3.183	1.660	1.735	1.873	2.327	1.691	1.883	0.765	1.408	1.188	1.753	2.091	1.881	1.871	2.547	2.281	3.366
330.0	277.4	318.8	426.1	539.7	545.8	789.7	986.6	880.5	558.0	365.3	380.1	415.0	466.2	549.2	644.4	718.4	783.8	746.5	699.1	760.6	573.4	272.1	189.5	142.1	261.7	 2676	9999.9	 6292	239.4	10.63	7.088	5.837	4.784	2.984	2.907	2.670	1.688	1.652	1.030	1.036	1.234	1.066	2.161	1.252	1.859	1.144	1.977	2.444	3.156	2.618	3.446
335.0	324.8	292.3	395.9	507.4	617.0	814.2	 1032	871.7	651.0	465.0	408.0	436.1	496.4	580.2	666.8	779.0	833.9	842.7	720.6	595.6	721.1	517.4	273.2	187.0	133.1	258.3	 3601	9999.9	 5777	249.5	9.143	5.849	4.909	3.097	4.393	2.172	2.314	2.877	2.148	2.734	1.688	1.672	1.591	1.283	1.680	1.690	1.739	1.940	2.708	3.515	4.267
340.0	237.5	307.3	390.4	499.9	734.6	873.5	 1216	973.1	717.5	596.6	489.0	486.5	558.3	616.7	729.7	859.3	940.7	943.2	805.3	670.9	607.8	712.2	434.7	259.7	191.1	147.5	329.8	 2584	9999.9	 6810	249.2	9.123	7.026	3.326	5.446	3.237	3.458	2.396	2.178	2.039	1.395	1.754	1.637	1.715	2.093	1.556	1.532	1.618	2.775	2.865	3.528
345.0	121.2	297.8	434.0	499.5	656.8	923.2	 1123	 1068	794.7	668.3	582.2	546.4	640.5	714.3	756.9	902.9	966.4	924.5	852.3	735.9	628.7	624.7	694.2	424.4	272.9	200.8	173.7	264.0	 2373	9999.9	 6161	278.5	11.49	8.626	7.387	3.782	3.419	2.296	2.109	1.554	1.977	1.304	1.398	1.555	1.567	1.817	2.756	2.021	2.248	3.381	3.151
350.0	242.0	253.9	468.3	503.7	717.7	874.6	 1117	 1045	880.3	774.6	729.2	654.4	696.5	772.3	838.3	964.9	 1003	 1030	937.9	843.9	706.2	644.1	694.4	705.5	408.7	310.1	239.3	184.6	271.7	 2627	9999.9	 7058	276.3	10.76	10.63	5.353	4.431	2.732	2.326	2.002	2.124	1.931	2.153	1.451	1.625	2.914	1.602	2.218	2.358	2.831	4.042
355.0	157.7	268.2	411.7	532.8	713.9	862.3	 1071	 1113	988.1	885.4	792.5	785.6	845.7	916.7	 1033	 1088	 1039	 1085	 1047	936.4	849.4	741.5	705.7	753.8	721.5	451.3	355.0	282.8	211.4	289.3	 2130	9999.9	 6259	278.1	13.70	6.754	5.155	3.727	3.293	2.128	2.313	1.502	2.476	2.770	1.785	2.226	2.870	3.103	3.457	2.955	3.522
360.0	207.4	237.7	372.6	515.9	567.9	975.7	 1124	 1140	 1095	983.8	886.3	850.7	952.7	 1046	 1029	 1134	 1166	 1176	 1126	 1017	931.9	842.3	783.5	773.1	847.3	710.4	493.6	387.4	302.6	227.7	270.1	 2796	9999.9	 6366	308.2	11.31	7.216	4.813	3.767	3.958	2.971	2.261	2.387	2.597	1.684	2.098	2.959	3.019	3.137	2.826	3.257
365.0	193.3	341.7	503.7	582.6	640.5	 1012	 1129	 1175	 1155	 1029	 1003	 1005	 1013	 1119	 1165	 1223	 1240	 1283	 1177	 1090	 1027	 1003	941.4	875.0	830.0	949.8	710.9	547.8	414.9	308.6	210.7	304.5	 2144	9999.9	 9320	280.1	14.92	6.919	5.201	3.320	2.991	2.621	1.924	1.959	2.160	1.750	2.287	3.140	3.342	3.287	3.260
370.0	223.9	399.8	443.3	475.8	791.0	 1016	 1145	 1223	 1108	 1185	 1183	 1098	 1108	 1253	 1265	 1293	 1295	 1281	 1191	 1169	 1100	 1110	 1042	 1012	948.2	940.0	996.2	726.8	536.7	399.1	294.3	207.7	263.3	 2265	9999.9	 6705	255.2	9.315	7.348	5.368	4.393	3.263	2.524	3.053	2.716	2.635	2.651	3.467	3.173	2.921	2.745
375.0	206.0	361.1	449.7	512.2	759.0	 1031	 1198	 1213	 1267	 1219	 1165	 1159	 1241	 1281	 1369	 1305	 1326	 1298	 1283	 1229	 1173	 1181	 1126	 1115	 1061	 1001	 1006	985.6	702.3	548.0	399.5	289.0	207.3	262.0	 2658	9999.9	 6558	259.9	12.53	7.972	4.758	4.137	2.968	2.948	2.944	2.311	3.218	2.227	2.529	3.882	3.492
380.0	216.8	336.3	523.3	601.4	680.9	 1034	 1237	 1152	 1296	 1283	 1300	 1337	 1317	 1255	 1356	 1384	 1395	 1382	 1295	 1291	 1227	 1218	 1243	 1229	 1161	 1152	 1076	 1080	932.5	676.2	523.9	398.0	281.9	196.1	290.4	 2305	9999.9	 5595	295.1	12.94	6.655	4.751	3.748	3.129	2.790	3.903	2.570	2.734	2.785	4.244	3.562
385.0	261.4	447.0	495.9	626.4	852.0	895.6	 1213	 1333	 1411	 1392	 1310	 1299	 1384	 1421	 1450	 1403	 1420	 1377	 1324	 1318	 1251	 1281	 1306	 1305	 1261	 1220	 1165	 1083	 1056	871.9	654.9	509.0	384.3	277.4	198.7	259.1	 2094	 9546	 6131	265.0	10.43	5.817	4.795	3.585	3.190	2.934	3.008	3.034	3.452	4.082	5.609
390.0	306.9	485.5	550.8	632.1	821.0	973.2	 1300	 1309	 1411	 1395	 1377	 1437	 1403	 1387	 1467	 1453	 1437	 1386	 1402	 1356	 1315	 1334	 1321	 1386	 1348	 1317	 1242	 1162	 1093	 1070	836.0	632.5	492.9	385.5	281.6	185.7	251.1	 1805	 9796	 6281	216.8	8.742	6.366	4.680	4.194	2.796	3.939	4.418	3.657	5.004	3.384
395.0	213.1	410.9	562.2	704.8	830.8	 1073	 1325	 1308	 1414	 1481	 1418	 1429	 1441	 1478	 1520	 1504	 1461	 1439	 1398	 1399	 1344	 1342	 1385	 1414	 1408	 1380	 1354	 1269	 1170	 1125	 1039	801.0	623.2	506.5	381.1	268.0	196.4	225.3	 1862	9999.9	 4834	210.7	11.73	7.341	3.620	4.795	4.483	4.812	3.555	4.866	4.522
400.0	361.4	340.9	504.8	727.0	975.6	 1085	 1273	 1302	 1475	 1457	 1501	 1478	 1449	 1510	 1554	 1565	 1494	 1539	 1451	 1384	 1362	 1381	 1398	 1443	 1437	 1434	 1435	 1373	 1282	 1176	 1109	 1008	776.1	620.5	496.6	370.1	264.4	185.8	227.1	 2032	 8049	 4565	192.5	9.982	7.939	5.289	4.351	3.212	4.631	5.006	5.376
405.0	311.9	440.6	593.4	658.0	899.1	 1150	 1190	 1419	 1433	 1498	 1496	 1519	 1513	 1506	 1569	 1569	 1498	 1503	 1451	 1366	 1366	 1399	 1446	 1476	 1479	 1459	 1476	 1419	 1356	 1233	 1153	 1115	982.3	754.9	599.3	462.1	344.5	235.1	174.1	235.3	 1530	 7634	 4263	174.0	9.970	6.431	3.952	5.221	4.083	4.785	4.780
410.0	284.0	471.9	581.9	834.2	964.6	 1122	 1401	 1382	 1527	 1500	 1447	 1544	 1562	 1548	 1573	 1584	 1557	 1473	 1524	 1410	 1349	 1410	 1427	 1458	 1485	 1458	 1496	 1461	 1428	 1329	 1190	 1123	 1109	918.5	736.2	557.9	435.1	315.3	220.9	167.0	187.3	 1468	 7271	 4023	157.7	10.45	6.057	5.981	5.904	5.144	4.851
415.0	242.2	400.8	634.2	794.8	807.6	 1064	 1278	 1432	 1481	 1463	 1541	 1513	 1528	 1620	 1565	 1581	 1503	 1505	 1473	 1414	 1360	 1375	 1425	 1454	 1462	 1492	 1517	 1477	 1448	 1381	 1272	 1181	 1121	 1061	876.7	660.3	518.5	377.9	290.4	201.5	141.2	179.0	 1376	 6980	 3732	152.2	8.701	7.620	6.412	6.473	5.196
420.0	256.9	446.1	600.8	690.5	985.5	 1133	 1273	 1495	 1468	 1476	 1528	 1514	 1587	 1600	 1583	 1539	 1546	 1484	 1442	 1373	 1337	 1359	 1385	 1413	 1470	 1494	 1460	 1490	 1441	 1400	 1324	 1225	 1146	 1115	998.0	758.0	591.3	447.3	337.0	264.6	181.4	128.4	170.7	 1364	 6824	 3364	133.2	9.975	7.619	4.786	5.377
425.0	192.4	433.3	471.9	773.5	870.2	 1195	 1270	 1458	 1426	 1484	 1507	 1474	 1506	 1562	 1592	 1566	 1510	 1463	 1413	 1329	 1285	 1289	 1348	 1378	 1401	 1430	 1457	 1471	 1441	 1387	 1331	 1273	 1181	 1101	 1053	893.2	671.4	525.5	411.5	303.7	224.7	161.8	113.9	157.4	 1358	 5842	 3214	118.3	9.407	8.112	7.245
430.0	275.0	408.3	544.1	770.1	867.9	 1132	 1239	 1441	 1399	 1435	 1511	 1518	 1558	 1581	 1567	 1553	 1531	 1447	 1379	 1342	 1294	 1288	 1327	 1337	 1381	 1421	 1427	 1434	 1444	 1387	 1327	 1286	 1206	 1149	 1040	966.1	785.3	578.2	463.5	360.3	278.0	197.1	148.5	104.2	156.8	 1158	 5701	 2972	104.3	11.04	6.977
435.0	303.0	322.1	470.7	699.1	877.5	934.3	 1194	 1361	 1347	 1476	 1423	 1610	 1572	 1574	 1573	 1591	 1517	 1440	 1350	 1290	 1250	 1232	 1287	 1266	 1306	 1336	 1361	 1398	 1407	 1372	 1360	 1305	 1220	 1166	 1084	965.2	857.6	678.4	541.5	416.1	325.4	245.0	181.9	138.7	98.29	146.9	 1133	 5561	 2855	105.6	11.19
440.0	205.7	432.7	538.2	778.7	796.7	 1014	 1188	 1281	 1370	 1368	 1499	 1508	 1544	 1586	 1562	 1544	 1462	 1410	 1300	 1260	 1184	 1172	 1209	 1244	 1295	 1318	 1344	 1325	 1362	 1356	 1331	 1279	 1239	 1181	 1099	986.6	866.6	756.9	588.5	460.5	380.6	304.0	231.1	184.5	135.6	115.7	147.8	 1160	 5439	 2828	93.85
445.0	223.4	395.2	607.4	563.8	758.1	 1037	 1049	 1274	 1352	 1400	 1442	 1479	 1517	 1554	 1600	 1545	 1478	 1389	 1269	 1198	 1147	 1126	 1142	 1171	 1240	 1249	 1287	 1278	 1287	 1303	 1250	 1260	 1226	 1191	 1105	967.6	870.2	783.6	661.8	527.1	416.9	348.6	278.4	221.2	180.4	142.0	105.6	142.8	 1143	 5287	 2403
450.0	249.3	357.6	507.8	678.5	816.5	908.1	 1013	 1181	 1183	 1272	 1457	 1396	 1455	 1513	 1522	 1543	 1354	 1341	 1215	 1161	 1080	 1097	 1096	 1130	 1165	 1181	 1190	 1243	 1219	 1243	 1234	 1227	 1218	 1174	 1095	987.4	861.0	761.6	709.5	584.9	467.3	374.8	321.9	263.0	215.0	174.3	132.2	109.0	138.9	 1100	 5077
455.0	259.9	391.9	461.3	538.0	670.5	945.9	 1071	 1144	 1207	 1308	 1364	 1421	 1448	 1414	 1460	 1426	 1393	 1303	 1200	 1078	 1044	 1023	 1030	 1072	 1086	 1104	 1127	 1150	 1144	 1161	 1157	 1163	 1150	 1107	 1069	965.1	859.3	739.3	677.9	628.0	524.5	417.9	351.9	296.6	254.6	211.6	164.0	124.1	88.46	129.7	 1076
460.0	223.5	320.2	383.4	611.5	700.7	851.2	943.6	 1098	 1179	 1146	 1238	 1309	 1368	 1326	 1421	 1367	 1308	 1204	 1174	 1047	 1007	957.9	970.8	968.4	985.2	 1022	 1031	 1085	 1099	 1094	 1100	 1108	 1092	 1079	 1041	957.0	847.6	757.1	670.7	611.1	545.9	453.9	384.7	323.5	278.6	233.1	183.2	146.7	110.4	79.43	123.1
465.0	222.2	227.5	386.1	543.8	613.1	842.1	906.7	933.2	 1082	 1094	 1171	 1323	 1193	 1356	 1372	 1379	 1276	 1176	 1022	984.6	925.2	914.5	873.4	889.7	901.7	953.0	970.0	958.1	 1017	 1011	 1031	 1034	 1031	 1020	978.8	892.3	829.0	735.4	662.1	589.6	542.7	489.9	417.1	338.7	305.2	250.7	212.3	158.1	124.8	87.97	73.39
470.0	145.1	294.1	355.2	469.7	593.7	736.2	790.1	877.7	 1008	 1057	 1136	 1170	 1192	 1241	 1228	 1217	 1159	 1083	984.7	922.4	872.7	804.1	828.9	802.7	842.0	860.5	880.3	920.6	920.8	958.2	947.5	962.5	975.3	954.7	935.5	855.7	781.1	706.8	640.0	575.0	528.6	485.3	430.1	357.8	314.8	263.1	224.7	173.7	142.7	97.34	77.76
475.0	145.1	311.4	330.6	500.6	473.6	711.5	778.1	870.9	963.4	932.1	 1028	 1043	 1124	 1166	 1159	 1165	 1079	999.3	920.5	846.3	793.1	767.3	763.9	751.0	751.9	791.2	803.5	815.8	845.9	855.2	868.1	882.9	892.9	881.1	872.4	810.4	736.6	662.0	612.8	557.2	498.9	452.2	440.4	379.9	314.2	279.8	244.0	184.8	153.0	117.4	83.53
480.0	153.3	269.5	274.1	449.6	490.6	669.5	737.1	803.8	917.8	929.9	 1008	 1038	 1002	 1036	 1093	 1088	994.6	921.3	862.3	829.1	759.2	729.1	691.0	681.2	707.5	709.2	749.4	738.1	766.0	783.2	802.9	791.6	805.7	815.1	813.7	768.5	704.6	645.0	591.6	535.5	489.3	429.2	414.3	394.9	327.6	275.4	239.0	192.1	152.7	126.2	98.89
485.0	141.8	346.6	309.6	445.2	446.0	516.1	659.5	722.9	807.5	875.0	901.0	990.9	978.9	 1017	 1068	 1026	927.7	869.2	817.4	730.2	679.6	666.6	678.5	651.0	648.8	662.3	671.9	698.3	715.4	731.5	727.8	741.4	762.0	769.1	752.9	719.1	672.4	616.3	556.6	517.1	464.6	436.8	401.8	380.5	336.6	285.4	243.0	202.4	168.5	137.4	108.9
490.0	166.8	206.2	228.2	338.0	537.7	539.4	557.1	716.0	777.6	811.8	862.9	861.3	907.6	998.0	973.2	953.2	939.3	837.1	782.8	716.0	662.2	645.6	608.0	599.4	610.6	621.1	647.0	641.7	657.9	691.2	683.2	705.1	704.7	705.4	693.4	670.9	632.0	585.6	545.4	484.1	463.8	416.1	381.4	353.7	340.5	302.7	239.5	207.7	171.6	146.9	119.1
495.0	138.3	222.1	237.5	291.3	418.2	623.5	610.9	601.3	705.9	825.0	750.8	812.1	874.4	921.9	895.9	955.4	845.9	804.4	733.6	683.6	629.8	579.9	553.4	546.2	562.2	580.9	593.8	602.3	592.2	631.7	625.1	629.5	665.5	656.8	654.6	620.8	588.7	546.6	500.0	471.4	434.9	411.6	378.0	342.1	319.1	299.7	251.1	213.2	179.4	150.1	122.6
500.0	136.2	110.9	227.6	227.2	360.2	416.0	530.5	547.5	616.7	708.7	744.2	748.2	774.2	839.6	860.9	857.7	782.8	744.8	664.6	588.4	573.4	532.3	523.9	514.6	509.4	532.9	537.6	536.3	557.9	565.3	567.2	568.7	596.8	622.8	605.5	580.8	553.4	517.6	477.1	444.3	420.5	382.6	357.5	326.8	294.0	284.3	263.8	220.2	181.9	153.3	129.0
505.0	157.8	160.1	225.6	256.3	349.8	382.0	485.5	511.4	581.3	643.8	696.9	716.7	715.9	758.1	789.1	773.6	739.2	706.5	640.2	574.1	538.9	485.2	474.6	467.5	470.1	466.3	484.7	483.6	508.1	509.7	507.2	524.8	532.6	558.5	552.6	539.2	505.4	461.3	449.8	412.4	387.3	367.7	333.9	312.3	285.1	262.7	248.8	224.4	187.4	160.2	134.7
510.0	86.31	147.5	210.6	275.2	340.7	392.0	438.8	481.3	482.2	592.9	652.0	643.4	668.8	700.6	710.9	741.5	681.3	623.5	552.2	538.0	495.8	459.6	443.5	443.0	434.9	440.0	429.4	447.3	445.4	457.9	462.4	475.2	487.1	520.6	491.9	488.4	450.8	437.0	412.7	380.2	362.7	332.5	320.4	288.2	272.0	252.3	225.5	220.4	189.0	163.3	135.2
515.0	129.3	161.5	231.8	207.9	272.1	340.0	420.8	466.4	486.0	542.8	558.1	588.7	607.9	674.1	686.3	648.4	606.6	587.8	515.8	477.6	433.4	418.1	398.5	390.2	396.8	402.5	378.6	406.3	402.5	418.6	409.6	421.4	444.9	467.1	462.5	448.5	428.0	407.8	373.0	357.3	332.1	317.3	303.5	275.1	253.8	236.2	211.7	203.4	189.2	162.2	132.4
520.0	118.7	63.78	159.4	178.8	255.5	379.3	368.2	398.5	446.9	481.4	542.9	550.9	571.5	613.2	590.9	586.6	563.0	536.3	478.3	420.8	400.5	373.5	358.9	345.9	356.8	354.4	364.5	359.8	373.1	376.3	384.8	388.7	395.9	411.4	405.7	397.6	383.5	354.1	340.5	320.6	305.0	283.0	268.5	258.0	243.3	225.5	195.1	184.1	183.4	161.2	138.5
525.0	96.37	105.5	171.2	196.1	258.5	309.3	317.3	342.8	399.8	421.4	445.5	463.7	503.1	533.0	556.3	510.2	501.5	474.5	421.2	393.1	362.9	346.2	328.8	322.5	316.0	329.4	329.1	313.3	324.1	327.2	336.2	349.2	368.1	363.7	371.8	368.1	343.2	327.0	314.2	286.7	275.5	265.1	239.2	238.8	223.0	205.1	189.5	171.6	160.6	153.7	136.5
530.0	69.28	107.0	111.8	113.0	209.2	258.2	291.0	319.0	329.0	357.1	383.9	428.7	480.9	487.3	507.3	491.6	479.6	425.0	385.8	351.0	307.5	312.2	309.1	298.2	271.6	277.0	286.1	288.4	278.7	298.0	310.6	304.1	321.7	322.7	326.0	330.4	312.2	292.4	275.2	260.8	252.5	238.7	231.0	219.0	205.4	187.5	176.1	159.9	145.5	140.3	135.3
535.0	76.23	115.9	122.8	171.0	196.0	223.2	238.7	277.6	320.9	337.4	339.4	395.2	404.2	458.5	448.1	438.3	410.9	367.1	372.8	307.6	286.0	277.9	271.9	260.0	248.6	247.9	268.1	257.5	273.6	269.5	277.7	281.9	280.6	292.6	285.1	287.1	262.9	269.7	248.7	238.8	226.2	216.3	208.5	200.6	182.3	172.9	159.9	149.5	135.4	126.6	124.9
540.0	39.18	117.4	105.3	109.8	190.9	197.7	199.1	275.6	279.4	303.4	355.7	347.1	376.9	402.9	414.8	418.3	390.2	341.2	322.8	283.3	262.8	238.2	229.7	230.0	229.5	224.5	212.2	225.4	226.5	238.1	244.2	243.5	251.2	257.0	260.6	257.5	245.0	236.6	219.6	209.0	209.5	197.6	186.9	177.9	167.7	156.6	149.4	134.3	124.0	109.9	102.8
545.0	88.80	87.53	74.95	97.09	141.9	187.6	232.4	242.2	260.4	316.4	285.4	325.8	340.8	352.5	406.9	393.7	363.8	315.2	297.9	255.0	233.2	221.1	206.1	202.7	196.3	202.1	199.8	215.7	190.7	206.3	204.7	215.0	207.7	231.8	229.7	230.0	211.8	206.7	198.7	197.7	183.5	177.0	164.6	158.3	148.7	149.0	129.8	123.7	111.0	102.4	97.02
550.0	54.20	51.72	65.97	96.18	134.4	164.7	183.4	202.7	264.9	231.4	261.6	284.3	324.8	336.8	335.5	379.8	344.9	283.7	273.1	251.2	206.9	211.9	191.3	189.5	186.4	183.8	179.9	175.6	181.1	183.7	188.8	199.5	203.6	208.7	209.8	198.1	207.9	186.9	176.8	183.2	167.2	162.1	150.5	148.8	138.2	131.1	118.3	114.2	108.2	97.07	87.52
